randomstart n = 5000000 T = 100 
1. 1081 0.004444
2. 522 0.004369
3. 454 0.004024
4. 2634 0.00402
5. 365 0.003246
6. 36 0.003192
7. 526 0.003084
8. 3930 0.00304
9. 1324 0.002785
10. 483 0.002697
11. 7031 0.00267
12. 3094 0.002538
13. 2381 0.002501
14. 1306 0.002413
15. 6287 0.00219
16. 1432 0.002172
17. 9765 0.002153
18. 4762 0.002111
19. 2353 0.002106
20. 5608 0.001995
21. 5115 0.001949
22. 5621 0.001899
23. 425 0.001802
24. 6070 0.001781
25. 6722 0.001771
26. 838 0.001764
27. 1584 0.001728
28. 8184 0.001709
29. 6907 0.001703
30. 3931 0.001668
31. 3105 0.001668
32. 723 0.001661
33. 2635 0.001613
34. 8071 0.001605
35. 6074 0.001602
36. 8098 0.001591
37. 21 0.001572
38. 2343 0.001564
39. 1524 0.001561
40. 2136 0.001542
41. 837 0.001534
42. 3743 0.001517
43. 664 0.001515
44. 6039 0.001511
45. 6451 0.001511
46. 4919 0.001506
47. 2 0.001498
48. 2134 0.001466
49. 5559 0.001464
50. 8813 0.001453

Began MC cyclic start.
Mean value for walks:5.0097796
Completed in 39375.0 ms.
1. 1081 0.004452
2. 522 0.004345
3. 454 0.004024
4. 2634 0.004017
5. 365 0.003252
6. 36 0.003162
7. 526 0.003022
8. 3930 0.002977
9. 1324 0.002787
10. 483 0.002663
11. 7031 0.00264
12. 3094 0.002556
13. 2381 0.002517
14. 1306 0.002443
15. 6287 0.002195
16. 1432 0.002158
17. 9765 0.002151
18. 2353 0.002124
19. 4762 0.002121
20. 5608 0.002012
21. 5115 0.001916
22. 5621 0.001885
23. 425 0.001823
24. 838 0.001758
25. 6070 0.001741
26. 8184 0.001736
27. 6722 0.0017
28. 1584 0.001697
29. 3931 0.001691
30. 3105 0.001684
31. 6907 0.001682
32. 2635 0.001633
33. 723 0.00162
34. 8071 0.001611
35. 6074 0.001587
36. 8098 0.00157
37. 837 0.001569
38. 2136 0.001555
39. 6039 0.001551
40. 3743 0.001542
41. 1524 0.001536
42. 2343 0.001533
43. 21 0.001524
44. 6451 0.001521
45. 4919 0.00152
46. 2 0.001493
47. 8813 0.001478
48. 2134 0.001468
49. 5559 0.001459
50. 664 0.001451

complete n=numDocs, m = 500, T = 100
Mean value for walks:5.0109552
Completed in 38856.0 ms.
1. 1081 0.004462
2. 522 0.004327
3. 454 0.004017
4. 2634 0.003987
5. 365 0.00322
6. 36 0.003119
7. 526 0.003042
8. 3930 0.002968
9. 1324 0.002761
10. 483 0.002691
11. 7031 0.002655
12. 3094 0.002552
13. 2381 0.002479
14. 1306 0.0024
15. 9765 0.00216
16. 6287 0.002149
17. 1432 0.002106
18. 4762 0.002089
19. 2353 0.002085
20. 5608 0.001996
21. 5621 0.001905
22. 5115 0.001901
23. 425 0.001806
24. 838 0.00174
25. 6070 0.001734
26. 6722 0.001734
27. 8184 0.001714
28. 3931 0.001686
29. 1584 0.001686
30. 6907 0.001671
31. 3105 0.001661
32. 723 0.001614
33. 6074 0.001594
34. 8071 0.00159
35. 2635 0.001589
36. 8098 0.00157
37. 2343 0.001546
38. 21 0.001541
39. 2136 0.001538
40. 1524 0.001537
41. 837 0.00153
42. 6039 0.00151
43. 3743 0.001508
44. 2 0.001481
45. 4919 0.001476
46. 664 0.001465
47. 6451 0.001457
48. 8813 0.001452
49. 5559 0.001437
50. 2134 0.001425

complete n=numDocs, m = 500, T = 100
endast ett fåtal diffar! Tar dock lite tid.
1. 1081 0.004454
2. 522 0.00432
3. 454 0.004038
4. 2634 0.003972
5. 365 0.003237
6. 36 0.003119
7. 526 0.003048
8. 3930 0.002976
9. 1324 0.002769
10. 483 0.00271
11. 7031 0.002656
12. 3094 0.002574
13. 2381 0.002483
14. 1306 0.002408
15. 9765 0.002164
16. 6287 0.002162
17. 1432 0.002107
18. 4762 0.002104
19. 2353 0.002088
20. 5608 0.001979
21. 5621 0.001918
22. 5115 0.001913
23. 425 0.001792
24. 6070 0.001751
25. 838 0.001735
26. 6722 0.001729
27. 8184 0.001707
28. 1584 0.001688
29. 6907 0.001678
30. 3931 0.001674
31. 3105 0.001663
32. 723 0.001607
33. 6074 0.0016
34. 8071 0.00159
35. 8098 0.001584
36. 2635 0.001582
37. 2136 0.001544
38. 21 0.001543
39. 2343 0.001543
40. 1524 0.001539
41. 837 0.001522
42. 6039 0.001518
43. 3743 0.001505
44. 4919 0.001483
45. 2 0.001481
46. 664 0.001472
47. 6451 0.001469
48. 8813 0.001458
49. 5559 0.001437
50. 2134 0.001427


bottom results from MC complete path
innehåller många omdirigeringar och artiklar som förmodligen är ändpunkter, dvs bara någon enstaka länkar till dem,
ex svenska samernas idrottsförbund eller personer inom sport
8594. 8618 0.000012
8595. 4972 0.000012
8596. 4529 0.000012
8597. 9975 0.000012
8598. 7465 0.000012
8599. 2770 0.000012
8600. 4788 0.000012
8601. 9598 0.000012
8602. 1161 0.000012
8603. 7855 0.000012
8604. 226 0.000012
8605. 8260 0.000011
8606. 8519 0.000011
8607. 3054 0.000011
8608. 91 0.000011
8609. 3581 0.000011
8610. 2587 0.000011
8611. 4684 0.000011
8612. 87 0.000011
8613. 3460 0.000011
8614. 4270 0.000011
8615. 2640 0.000011
8616. 6035 0.000011
8617. 1088 0.000011
8618. 519 0.000011
8619. 2690 0.000011
8620. 5538 0.000011
8621. 2596 0.000011
8622. 2123 0.000011
8623. 4002 0.000011
8624. 7060 0.000011
8625. 3155 0.000011
8626. 5053 0.000011
8627. 4443 0.000011
8628. 3362 0.000011
8629. 6841 0.000011
8630. 179 0.000011
8631. 9366 0.000011
8632. 6627 0.000011
8633. 2625 0.000011
8634. 9005 0.000011
8635. 4363 0.000011
8636. 5819 0.000011
8637. 1367 0.000011
8638. 2692 0.00001
8639. 6525 0.00001
8640. 7158 0.00001
8641. 7697 0.00001
8642. 241 0.00001
8643. 858 0.00001

Complete path, n = numDocs m = 500 T = 100
1. 1081 0.029673
2. 522 0.02874
3. 454 0.026875
4. 2634 0.026637
5. 365 0.02151
6. 36 0.020769
7. 526 0.020172
8. 3930 0.019891
9. 1324 0.0185
10. 483 0.017838
11. 7031 0.017697
12. 3094 0.017082
13. 2381 0.016618
14. 1306 0.016073
15. 6287 0.014385
16. 9765 0.01436
17. 1432 0.014087
18. 4762 0.013978
19. 2353 0.0139
20. 5608 0.013351
21. 5115 0.012791
22. 5621 0.012561
23. 425 0.011964
24. 6070 0.011701
25. 838 0.011564
26. 6722 0.011563
27. 8184 0.011328
28. 1584 0.011287
29. 3931 0.011193
30. 6907 0.011129
31. 3105 0.01102
32. 723 0.010818
33. 6074 0.010636
34. 2635 0.010621
35. 8071 0.010549
36. 8098 0.010414
37. 2343 0.010339
38. 21 0.010327
39. 2136 0.010239
40. 1524 0.010195
41. 837 0.010136
42. 6039 0.01011
43. 3743 0.010001
44. 2 0.009937
45. 4919 0.009935
46. 664 0.009854
47. 6451 0.009709
48. 8813 0.009646
49. 5559 0.009515
50. 2134 0.009472

randomstart, n = 5000000, T = 4
1. 1081 0.002916
2. 522 0.002765
3. 454 0.002741
4. 2634 0.002628
5. 365 0.002186
6. 36 0.00205
7. 526 0.002038
8. 3930 0.002019
9. 1324 0.001939
10. 483 0.001794
11. 3094 0.00172
12. 7031 0.001707
13. 1306 0.001695
14. 2381 0.00164
15. 9765 0.001444
16. 4762 0.001408
17. 2353 0.0014
18. 5608 0.001387
19. 425 0.001348
20. 5115 0.001314
21. 5621 0.001308
22. 1432 0.001284
23. 6287 0.001231
24. 6070 0.001185
25. 8184 0.00118
26. 838 0.001161
27. 6722 0.001159
28. 3931 0.00114
29. 6907 0.00112
30. 3105 0.001112
31. 8071 0.001072
32. 6074 0.001068
33. 1637 0.001063
34. 1584 0.001056
35. 21 0.00104
36. 3743 0.001034
37. 5779 0.001021
38. 2635 0.001015
39. 1524 0.001007
40. 6451 0.001004
41. 2136 0.000998
42. 837 0.000996
43. 8098 0.000987
44. 6039 0.000986
45. 4919 0.000984
46. 2 0.000973
47. 2134 0.000971
48. 8813 0.000961
49. 723 0.000959
50. 2022 0.000949


Mean value for walks:5.0109552
Completed in 38856.0 ms.
1. 1081 0.004462
2. 522 0.004327
3. 454 0.004017
4. 2634 0.003987
5. 365 0.00322
6. 36 0.003119
7. 526 0.003042
8. 3930 0.002968
9. 1324 0.002761
10. 483 0.002691
11. 7031 0.002655
12. 3094 0.002552
13. 2381 0.002479
14. 1306 0.0024
15. 9765 0.00216
16. 6287 0.002149
17. 1432 0.002106
18. 4762 0.002089
19. 2353 0.002085
20. 5608 0.001996
21. 5621 0.001905
22. 5115 0.001901
23. 425 0.001806
24. 838 0.00174
25. 6070 0.001734
26. 6722 0.001734
27. 8184 0.001714
28. 3931 0.001686
29. 1584 0.001686
30. 6907 0.001671
31. 3105 0.001661
32. 723 0.001614
33. 6074 0.001594
34. 8071 0.00159
35. 2635 0.001589
36. 8098 0.00157
37. 2343 0.001546
38. 21 0.001541
39. 2136 0.001538
40. 1524 0.001537
41. 837 0.00153
42. 6039 0.00151
43. 3743 0.001508
44. 2 0.001481
45. 4919 0.001476
46. 664 0.001465
47. 6451 0.001457
48. 8813 0.001452
49. 5559 0.001437
50. 2134 0.001425


