1 3338 2
1 7020 3
1 7143 0
2 4842 0
2 6072 0
2 6073 0
2 7443 0
2 7659 0
2 7788 0
2 8503 0
2 9336 0
2 9545 0
3 250 0
3 576 1
3 863 0
3 864 0
3 871 0
3 1170 0
3 1693 0
3 2020 0
3 2900 0
3 4307 0
3 4308 0
3 5744 0
3 6075 0
3 8016 0
3 8177 0
3 8467 0
4 195 0
4 1306 0
4 1872 0
4 2296 1
4 2735 0
4 3926 0
4 6496 0
4 7065 0
4 7133 1
4 8133 0
4 9143 0
4 9479 0
4 9493 0
4 9509 0
4 9544 0
4 9548 0
4 9895 3
5 1553 0
5 1610 0
5 2436 0
5 2735 0
5 5584 0
5 6073 0
5 7767 0
5 7788 0
5 8179 0
6 5717 0
6 6679 0
6 7472 0
7 3955 0
7 5385 2
8 454 0
8 499 0
8 956 0
8 1073 0
8 2634 0
8 2735 0
8 3973 0
8 4590 0
8 4603 0
8 4999 0
8 5236 0
8 5739 0
8 6496 0
8 7140 0
8 7319 0
8 7340 0
8 7788 0
8 8371 0
8 8467 0
8 8571 0
8 9123 0
8 9511 0
8 9891 0
9 1050 0
9 2735 0
9 8371 0
9 8991 0
10 1643 0
10 1932 0
10 5181 0
10 6075 0
10 6756 0
10 8776 1